# Reduce 4G bands
nvm:fix_s45_lut.txlte.txlte_config_table[0,19].4g_active_bands={1,2,3,4,5,8,13,17,20,41,0,0,0,0,0,0,0,0,0,0}
nvm:fix_s45_lut.txlte.txlte_config_table[0,19].4g_subband={255,255,255,255,255,255,255,255,255,255,255,0,0,0,0,0,0,0,0,0}
nvm:fix_s45_lut.txlte.txlte_config_table[0,19].4g_tx_max_pwr={368,368,368,368,368,344,368,368,368,368,368,368,368,368,320,368,368,368,368,0}
# See BZ 209353 & 207287
nvm:dyn_cps.lte_band_config.active_lte_band_config.is_initialized=0
nvm:store_nvm_sync(dyn_cps)
# Reduce 3G bands
nvm:fix_s45_lut.tx.tx_config_table[0,19].active_bands={1,2,4,5,8,0,0,0,0,0,0,0,0,0,0,0,0,0,0,0}
nvm:fix_s45_lut.tx.tx_config_table[0,19].subband={255,255,255,255,255,0,0,0,0,0,0,0,0,0,0,0,0,0,0,0}
nvm:fix_s45_lut.tx.tx_config_table[0,19].enable_diversity={1,1,1,1,1,0,0,0,0,0,0,0,0,0,0,0,0,0,0,0}
nvm:fix_s45_lut.tx.tx_config_table[0,19].tx_max_pwr={376,376,376,376,376,0,0,0,0,0,0,0,0,0,0,0,0,0,0,0}
nvm:fix_s45_lut.tx.tx_config_table[0,19].tx_max_pwr_prox_sensor={336,336,336,336,336,0,0,0,0,0,0,0,0,0,0,0,0,0,0,0}
nvm:fix_s45_lut.tx.tx_config_table[0,19].level_cust_power_back_off={24,24,24,24,24,0,0,0,0,0,0,0,0,0,0,0,0,0,0,0}
nvm:fix_s45_lut.tx.tx_config_table[0,19].add_cust_power_back_off={16,16,16,16,16,0,0,0,0,0,0,0,0,0,0,0,0,0,0,0}
# Reduce Inter Band CA - see 36101 3gpp spec
nvm:fix_s45_lut.rxlte.rxlte_ca_bandcomb_table[0,99].aux1_band_nr={5,8,18,19,26,4,5,13,17,29,5,8,19,20,26,4,5,13,17,29,0,0,0,0,0,0,0,0,0,0,0,0,0,0,0,0,0,0,0,0,0,0,0,0,0,0,0,0,0,0,0,0,0,0,0,0,0,0,0,0,0,0,0,0,0,0,0,0,0,0,0,0,0,0,0,0,0,0,0,0,0,0,0,0,0,0,0,0,0,0,0,0,0,0,0,0,0,0,0,0}
nvm:fix_s45_lut.rxlte.rxlte_ca_bandcomb_table[0,99].aux1_bw_class={0,0,0,0,0,0,0,0,0,0,0,0,0,0,0,0,0,0,0,0,0,0,0,0,0,0,0,0,0,0,0,0,0,0,0,0,0,0,0,0,0,0,0,0,0,0,0,0,0,0,0,0,0,0,0,0,0,0,0,0,0,0,0,0,0,0,0,0,0,0,0,0,0,0,0,0,0,0,0,0,0,0,0,0,0,0,0,0,0,0,0,0,0,0,0,0,0,0,0,0}
nvm:fix_s45_lut.rxlte.rxlte_ca_bandcomb_table[0,99].aux1_bw_comb_100={1,1,1,1,1,1,1,1,1,1,1,1,1,1,1,1,1,1,1,1,1,1,0,0,0,0,0,0,0,0,0,0,0,0,0,0,0,0,0,0,0,0,0,0,0,0,0,0,0,0,0,0,0,0,0,0,0,0,0,0,0,0,0,0,0,0,0,0,0,0,0,0,0,0,0,0,0,0,0,0,0,0,0,0,0,0,0,0,0,0,0,0,0,0,0,0,0,0,0,0}
nvm:fix_s45_lut.rxlte.rxlte_ca_bandcomb_table[0,99].aux1_bw_comb_14={0,0,0,0,0,0,0,0,0,0,0,0,0,0,0,0,0,0,0,0,0,0,0,0,0,0,0,0,0,0,0,0,0,0,0,0,0,0,0,0,0,0,0,0,0,0,0,0,0,0,0,0,0,0,0,0,0,0,0,0,0,0,0,0,0,0,0,0,0,0,0,0,0,0,0,0,0,0,0,0,0,0,0,0,0,0,0,0,0,0,0,0,0,0,0,0,0,0,0,0}
nvm:fix_s45_lut.rxlte.rxlte_ca_bandcomb_table[0,99].aux1_bw_comb_150={0,0,1,1,1,1,0,0,0,0,0,0,1,1,1,1,0,0,0,0,1,1,0,0,0,0,0,0,0,0,0,0,0,0,0,0,0,0,0,0,0,0,0,0,0,0,0,0,0,0,0,0,0,0,0,0,0,0,0,0,0,0,0,0,0,0,0,0,0,0,0,0,0,0,0,0,0,0,0,0,0,0,0,0,0,0,0,0,0,0,0,0,0,0,0,0,0,0,0,0}
nvm:fix_s45_lut.rxlte.rxlte_ca_bandcomb_table[0,99].aux1_bw_comb_200={0,0,0,0,0,1,0,0,0,0,0,0,0,1,0,1,0,0,0,0,1,1,0,0,0,0,0,0,0,0,0,0,0,0,0,0,0,0,0,0,0,0,0,0,0,0,0,0,0,0,0,0,0,0,0,0,0,0,0,0,0,0,0,0,0,0,0,0,0,0,0,0,0,0,0,0,0,0,0,0,0,0,0,0,0,0,0,0,0,0,0,0,0,0,0,0,0,0,0,0}
nvm:fix_s45_lut.rxlte.rxlte_ca_bandcomb_table[0,99].aux1_bw_comb_30={0,0,0,0,0,0,0,0,0,1,0,0,0,0,0,0,0,0,0,1,0,0,0,0,0,0,0,0,0,0,0,0,0,0,0,0,0,0,0,0,0,0,0,0,0,0,0,0,0,0,0,0,0,0,0,0,0,0,0,0,0,0,0,0,0,0,0,0,0,0,0,0,0,0,0,0,0,0,0,0,0,0,0,0,0,0,0,0,0,0,0,0,0,0,0,0,0,0,0,0}
nvm:fix_s45_lut.rxlte.rxlte_ca_bandcomb_table[0,99].aux1_bw_comb_50={1,1,1,1,1,1,1,0,1,1,1,1,1,1,1,1,1,0,1,1,0,1,0,0,0,0,0,0,0,0,0,0,0,0,0,0,0,0,0,0,0,0,0,0,0,0,0,0,0,0,0,0,0,0,0,0,0,0,0,0,0,0,0,0,0,0,0,0,0,0,0,0,0,0,0,0,0,0,0,0,0,0,0,0,0,0,0,0,0,0,0,0,0,0,0,0,0,0,0,0}
nvm:fix_s45_lut.rxlte.rxlte_ca_bandcomb_table[0,99].aux1_support_prim_band={1,1,1,1,1,1,1,1,1,0,1,1,1,1,1,1,1,1,1,0,1,1,0,0,0,0,0,0,0,0,0,0,0,0,0,0,0,0,0,0,0,0,0,0,0,0,0,0,0,0,0,0,0,0,0,0,0,0,0,0,0,0,0,0,0,0,0,0,0,0,0,0,0,0,0,0,0,0,0,0,0,0,0,0,0,0,0,0,0,0,0,0,0,0,0,0,0,0,0,0}
nvm:fix_s45_lut.rxlte.rxlte_ca_bandcomb_table[0,99].bw_set={0,0,0,0,0,0,0,0,0,0,0,0,0,0,0,0,0,0,0,0,0,0,0,0,0,0,0,0,0,0,0,0,0,0,0,0,0,0,0,0,0,0,0,0,0,0,0,0,0,0,0,0,0,0,0,0,0,0,0,0,0,0,0,0,0,0,0,0,0,0,0,0,0,0,0,0,0,0,0,0,0,0,0,0,0,0,0,0,0,0,0,0,0,0,0,0,0,0,0,0}
nvm:fix_s45_lut.rxlte.rxlte_ca_bandcomb_table[0,99].comp_fe_loss={0,0,0,0,0,0,0,0,0,0,0,0,0,0,0,0,0,0,0,0,0,0,0,0,0,0,0,0,0,0,0,0,0,0,0,0,0,0,0,0,0,0,0,0,0,0,0,0,0,0,0,0,0,0,0,0,0,0,0,0,0,0,0,0,0,0,0,0,0,0,0,0,0,0,0,0,0,0,0,0,0,0,0,0,0,0,0,0,0,0,0,0,0,0,0,0,0,0,0,0}
nvm:fix_s45_lut.rxlte.rxlte_ca_bandcomb_table[0,99].enabled={0,0,0,0,0,1,0,0,1,1,0,1,0,1,0,0,0,0,1,1,0,0,0,0,0,0,0,0,0,0,0,0,0,0,0,0,0,0,0,0,0,0,0,0,0,0,0,0,0,0,0,0,0,0,0,0,0,0,0,0,0,0,0,0,0,0,0,0,0,0,0,0,0,0,0,0,0,0,0,0,0,0,0,0,0,0,0,0,0,0,0,0,0,0,0,0,0,0,0,0}
nvm:fix_s45_lut.rxlte.rxlte_ca_bandcomb_table[0,99].prim_band_nr={1,1,1,1,1,2,2,2,2,2,3,3,3,3,3,4,4,4,4,4,0,0,0,0,0,0,0,0,0,0,0,0,0,0,0,0,0,0,0,0,0,0,0,0,0,0,0,0,0,0,0,0,0,0,0,0,0,0,0,0,0,0,0,0,0,0,0,0,0,0,0,0,0,0,0,0,0,0,0,0,0,0,0,0,0,0,0,0,0,0,0,0,0,0,0,0,0,0,0,0}
nvm:fix_s45_lut.rxlte.rxlte_ca_bandcomb_table[0,99].prim_bw_class={0,0,0,0,0,0,0,0,0,0,0,0,0,0,0,0,0,0,0,0,0,0,0,0,0,0,0,0,0,0,0,0,0,0,0,0,0,0,0,0,0,0,0,0,0,0,0,0,0,0,0,0,0,0,0,0,0,0,0,0,0,0,0,0,0,0,0,0,0,0,0,0,0,0,0,0,0,0,0,0,0,0,0,0,0,0,0,0,0,0,0,0,0,0,0,0,0,0,0,0}
nvm:fix_s45_lut.rxlte.rxlte_ca_bandcomb_table[0,99].prim_bw_comb_100={1,1,1,1,1,1,1,1,1,1,1,1,1,1,1,1,1,1,1,1,1,1,0,0,0,0,0,0,0,0,0,0,0,0,0,0,0,0,0,0,0,0,0,0,0,0,0,0,0,0,0,0,0,0,0,0,0,0,0,0,0,0,0,0,0,0,0,0,0,0,0,0,0,0,0,0,0,0,0,0,0,0,0,0,0,0,0,0,0,0,0,0,0,0,0,0,0,0,0,0}
nvm:fix_s45_lut.rxlte.rxlte_ca_bandcomb_table[0,99].prim_bw_comb_14={0,0,0,0,0,1,0,0,0,0,0,0,0,0,0,0,0,0,0,0,1,0,0,0,0,0,0,0,0,0,0,0,0,0,0,0,0,0,0,0,0,0,0,0,0,0,0,0,0,0,0,0,0,0,0,0,0,0,0,0,0,0,0,0,0,0,0,0,0,0,0,0,0,0,0,0,0,0,0,0,0,0,0,0,0,0,0,0,0,0,0,0,0,0,0,0,0,0,0,0}
nvm:fix_s45_lut.rxlte.rxlte_ca_bandcomb_table[0,99].prim_bw_comb_150={1,1,1,1,1,1,1,1,0,1,1,1,1,1,1,1,1,1,0,1,0,1,0,0,0,0,0,0,0,0,0,0,0,0,0,0,0,0,0,0,0,0,0,0,0,0,0,0,0,0,0,0,0,0,0,0,0,0,0,0,0,0,0,0,0,0,0,0,0,0,0,0,0,0,0,0,0,0,0,0,0,0,0,0,0,0,0,0,0,0,0,0,0,0,0,0,0,0,0,0}
nvm:fix_s45_lut.rxlte.rxlte_ca_bandcomb_table[0,99].prim_bw_comb_200={1,1,1,1,1,1,1,1,0,1,1,1,1,1,1,1,1,1,0,1,0,1,0,0,0,0,0,0,0,0,0,0,0,0,0,0,0,0,0,0,0,0,0,0,0,0,0,0,0,0,0,0,0,0,0,0,0,0,0,0,0,0,0,0,0,0,0,0,0,0,0,0,0,0,0,0,0,0,0,0,0,0,0,0,0,0,0,0,0,0,0,0,0,0,0,0,0,0,0,0}
nvm:fix_s45_lut.rxlte.rxlte_ca_bandcomb_table[0,99].prim_bw_comb_30={0,0,0,0,0,1,0,0,0,0,0,0,0,0,0,0,0,0,0,0,1,0,0,0,0,0,0,0,0,0,0,0,0,0,0,0,0,0,0,0,0,0,0,0,0,0,0,0,0,0,0,0,0,0,0,0,0,0,0,0,0,0,0,0,0,0,0,0,0,0,0,0,0,0,0,0,0,0,0,0,0,0,0,0,0,0,0,0,0,0,0,0,0,0,0,0,0,0,0,0}
nvm:fix_s45_lut.rxlte.rxlte_ca_bandcomb_table[0,99].prim_bw_comb_50={1,1,1,1,1,1,1,1,1,1,1,0,1,1,1,1,1,1,1,1,1,0,0,0,0,0,0,0,0,0,0,0,0,0,0,0,0,0,0,0,0,0,0,0,0,0,0,0,0,0,0,0,0,0,0,0,0,0,0,0,0,0,0,0,0,0,0,0,0,0,0,0,0,0,0,0,0,0,0,0,0,0,0,0,0,0,0,0,0,0,0,0,0,0,0,0,0,0,0,0}
nvm:fix_s45_lut.rxlte.rxlte_ca_bandcomb_table[0,99].prim_support_prim_band={1,1,1,1,1,1,1,1,1,1,1,1,1,1,1,1,1,1,1,1,1,1,0,0,0,0,0,0,0,0,0,0,0,0,0,0,0,0,0,0,0,0,0,0,0,0,0,0,0,0,0,0,0,0,0,0,0,0,0,0,0,0,0,0,0,0,0,0,0,0,0,0,0,0,0,0,0,0,0,0,0,0,0,0,0,0,0,0,0,0,0,0,0,0,0,0,0,0,0,0}
nvm:store_nvm_sync(fix_s45_lut)
# Remove TDSCDMA bands
nvm:dyn_cps.umts_tdd_band_config.current_3g_tdd_cfg[0].nvr_active_umts_tdd_band_config=255
nvm:dyn_cps.umts_tdd_band_config.current_3g_tdd_cfg[0].nvr_active_umts_tdd_pwr_class_config=0
nvm:dyn_cps.umts_tdd_band_config.current_3g_tdd_cfg[1].nvr_active_umts_tdd_band_config=255
nvm:dyn_cps.umts_tdd_band_config.current_3g_tdd_cfg[1].nvr_active_umts_tdd_pwr_class_config=0
nvm:dyn_cps.umts_tdd_band_config.current_3g_tdd_cfg[2].nvr_active_umts_tdd_band_config=255
nvm:dyn_cps.umts_tdd_band_config.current_3g_tdd_cfg[2].nvr_active_umts_tdd_pwr_class_config=0
nvm:dyn_cps.umts_tdd_band_config.current_3g_tdd_cfg[3].nvr_active_umts_tdd_band_config=255
nvm:dyn_cps.umts_tdd_band_config.current_3g_tdd_cfg[3].nvr_active_umts_tdd_pwr_class_config=0
nvm:store_nvm_sync(dyn_cps)
